[array([[-7.50315070e-79,  3.29283423e-01, -1.94873036e-14,
         9.83144108e-48, -9.14071816e-23],
       [-6.38973842e-19,  3.26543548e-01, -4.59309421e-59,
        -9.10040342e-73,  2.66969170e-91],
       [-5.78336639e-79,  3.29791645e-01, -1.41255328e-28,
         7.35360389e-21, -1.44456619e-15],
       [ 1.77901826e-54,  3.29764772e-01, -6.89008107e-85,
        -2.99342811e-22, -8.22865789e-28],
       [ 6.01360315e-28,  3.63478230e-01, -1.38632314e-50,
         3.62742146e-49,  5.53220576e-21],
       [ 9.70980634e-20, -3.36480715e-01, -4.28578060e-16,
        -8.14855267e-25,  7.38386901e-21],
       [-2.72890514e-19, -3.16057000e-01,  3.08333254e-16,
        -5.19276334e-91,  3.31769915e-49],
       [ 5.32402049e-52, -3.23384393e-01,  2.14439907e-24,
        -3.56583306e-15,  1.19129631e-35],
       [ 7.06990526e-15,  3.30199596e-01,  3.86649362e-43,
         2.26198186e-29, -1.33989025e-19]]), array([[-4.17770821e-12,  2.43137886e-44, -8.50485485e-24,
        -5.28000394e-31, -8.06581678e-96],
       [-2.18139968e-13, -1.81562495e-02, -2.59657440e-18,
         5.36751010e-01, -4.00296879e-03],
       [-1.16779196e-15,  2.01823986e-73, -3.18763480e-40,
         2.28109562e-73, -2.99850611e-13],
       [-9.29998060e-89,  2.57217681e-49, -6.14619819e-94,
         1.79818992e-13,  1.01561225e-73],
       [ 2.31429078e-15, -1.05969385e-17, -8.10786686e-18,
         6.26953356e-22, -7.95291587e-68]]), array([[ 2.49403322e-15,  2.95612680e-59,  1.45732678e-26,
        -6.47297058e-50],
       [ 1.59461762e+00,  1.82772208e+00,  1.88842759e+00,
         1.95631220e+00],
       [-1.49956721e-46, -2.33482633e-59, -3.16715413e-15,
         2.39622875e-12],
       [ 2.57856327e+00,  2.46236753e-01,  2.57856283e+00,
         2.46236556e-01],
       [ 2.94776127e+00,  9.97138766e-01,  1.60409541e+00,
         1.16640116e+00]])]