[array([[ 2.77968861e-001, -3.05674294e-002, -3.45473083e-001,
         1.35075790e-116, -5.36078554e-001],
       [-1.47141511e-001, -3.05674304e-002,  1.06822362e-001,
         1.11220434e-142, -2.27504142e-002],
       [-3.66605938e-001,  3.05674305e-002, -3.22229956e-001,
         1.06609332e-080, -5.44938558e-001],
       [ 4.61141694e-001, -3.35775930e-002,  1.86979713e-001,
         5.02827627e-084, -4.40536834e-001],
       [ 2.79573855e-001,  2.81689548e-002,  3.29942588e-001,
         7.17208163e-118,  5.66927147e-001],
       [ 7.54604334e-001, -3.35754024e-002, -4.93396555e-001,
        -7.01610079e-089,  4.49851421e-001],
       [ 4.51159606e-001, -3.32959230e-002,  3.91954089e+000,
        -1.22211827e-160,  1.79861287e-001],
       [ 1.51234121e+000, -3.05671999e-002,  4.10256638e+000,
         8.32809955e-066,  2.28516536e-001],
       [ 8.92519722e-001, -3.35771385e-002, -7.99960129e-002,
        -1.79629935e-096, -5.73304452e-001]]), array([[ 2.21717580e-054,  5.40518865e-001, -1.13934765e-001,
        -1.45846704e-002,  1.35142907e-001],
       [-7.07630379e-059, -2.75256750e-002, -3.05681424e-002,
        -1.25627060e-140, -3.05578372e-002],
       [ 1.23557005e-066,  1.03401792e+000,  9.81801994e-001,
        -2.33431155e-002, -1.12903636e+000],
       [ 1.31225548e-157, -1.42593235e-117,  1.48768587e-162,
         2.37177279e-059,  1.62093080e-141],
       [-1.05213562e-065, -5.31931258e-001, -5.06640347e-001,
        -6.33426250e-083, -3.12360537e-136]]), array([[-1.19401136e-065,  1.92202426e-127,  6.70161132e-092,
        -5.77591771e-119],
       [ 4.07535601e-005,  1.11579043e+000,  1.06621793e-001,
         1.11575546e+000],
       [ 4.97569264e-005,  1.29735569e+000,  1.23708283e-001,
         1.29778951e+000],
       [-1.60425963e-002,  1.64336515e-002,  2.60856492e-002,
         1.77691488e-002],
       [-1.45933817e-004, -1.09582960e+000, -1.04956820e-001,
        -1.09568268e+000]])]