[array([[-8.39162012e-001, -2.68068735e-002, -3.83725266e-019,
        -1.30042312e-060,  1.25136093e+000],
       [-1.26427238e+000, -2.68068747e-002, -4.72055555e-071,
         4.47764066e-085,  1.27561349e+000],
       [-8.86035945e-002,  5.20457589e-002, -5.45682794e-039,
         9.24960156e-028,  1.65401968e-001],
       [ 2.77479588e-001, -9.78013504e-003, -2.70135337e-097,
        -1.16453142e-029,  1.24217212e-001],
       [ 6.55535254e-001,  6.19924965e-002,  7.42764779e-063,
         1.22003856e-061, -5.03108266e-002],
       [ 5.70949954e-001, -9.78076581e-003, -2.36520587e-021,
        -3.05756931e-033,  1.68234183e-001],
       [ 2.42360116e+000,  8.08291612e-002,  1.52386274e-021,
        -2.31985902e-103, -4.04480167e+000],
       [ 3.34662033e+000,  8.21858933e-002,  1.20580820e-032,
        -3.99219694e-020, -4.62544475e+000],
       [ 6.99104223e-001, -9.56526868e-003,  4.13618343e-055,
         1.40147340e-040,  8.73103519e-002]]), array([[-4.86722618e-016,  4.35358498e-001, -8.36597327e-032,
        -2.03875360e-004, -1.96164000e-002],
       [-9.56602035e-018,  1.10542416e-002, -2.54713352e-024,
        -9.92882992e-003,  1.37724594e-051],
       [-9.01087902e-021,  5.09636069e-086,  9.45243190e-053,
         2.86570327e-086, -1.46098991e-017],
       [-3.27580282e-101,  4.17880605e-061, -1.70468929e-107,
         7.39688659e-018, -2.08993305e-085],
       [ 2.24346483e-020, -9.49529388e-001, -1.17328129e-023,
         9.30763576e-001,  1.69345217e-080]]), array([[ 2.47873813e-20,  4.24024059e-71,  8.77507052e-36,
         1.66026689e-62],
       [ 8.82371907e-06,  1.23352722e+00,  1.18246118e-01,
         1.23257591e+00],
       [-1.03781486e-58,  2.28518288e-72, -3.40855943e-20,
         2.32266418e-16],
       [ 3.47059708e-06, -8.96685653e-01, -8.60530138e-02,
        -8.95641938e-01],
       [ 3.20094383e-01,  2.11672109e-02, -4.13865407e-01,
         3.03914891e-02]])]