[array([[ 2.11045712e-74,  3.28961826e-01, -4.05661145e-13,
        -1.64169100e-43, -1.16494940e-20],
       [-3.49518561e-17,  3.26543564e-01,  1.38217222e-54,
        -1.55058784e-68,  1.77459430e-85],
       [-9.33503656e-75,  3.29791594e-01, -7.08663636e-26,
         6.14189858e-19, -3.83299641e-14],
       [-1.62587777e-50,  3.29764788e-01, -8.64414611e-81,
        -3.40033207e-20, -3.40965554e-25],
       [ 2.57723919e-25,  3.63478177e-01,  3.18500381e-46,
         1.06503067e-45,  4.74793791e-19],
       [ 6.34581922e-18, -2.18698917e-01, -1.27375103e-14,
        -1.65448387e-22,  6.16475935e-19],
       [-1.61745332e-17,  3.27171084e-01,  9.44995160e-15,
         1.04414327e-86,  3.77434105e-47],
       [ 8.02235314e-47,  3.26659965e-01,  3.95290387e-22,
        -8.69670212e-14,  5.40663054e-32],
       [ 1.61765232e-13,  3.30248494e-01,  2.47072522e-39,
         1.39162110e-26, -8.49395277e-18]]), array([[-5.27041336e-11, -3.44367468e-40, -1.36772056e-21,
        -5.04142872e-28, -1.26691690e-91],
       [-3.62514943e-12, -1.81561234e-02, -1.24476110e-16,
         5.36751016e-01, -4.00279506e-03],
       [-3.16071633e-14,  3.56227216e-70,  6.32775502e-36,
         9.58508614e-70, -4.83734123e-12],
       [-7.82277225e-86,  9.66700260e-45,  2.95131128e-90,
         3.04264969e-12,  4.77082451e-69],
       [ 5.87656506e-14, -4.45182390e-16, -3.49274913e-16,
         6.63111830e-20, -8.37200347e-64]]), array([[ 6.28894264e-14, -1.32755829e-54,  4.45935982e-24,
         7.65844334e-46],
       [ 1.59461771e+00,  1.82772207e+00,  1.88842771e+00,
         1.95631226e+00],
       [ 4.48617932e-43, -3.52244880e-55, -7.81026019e-14,
         3.18408143e-11],
       [ 2.57856320e+00,  2.46237331e-01,  2.57856278e+00,
         2.46237002e-01],
       [ 2.94776130e+00,  9.97138615e-01,  1.60409552e+00,
         1.16640118e+00]])]