[array([[ 6.83855757e-79,  3.29253518e-01, -2.32183454e-14,
         1.87682601e-47, -1.20951783e-22],
       [-8.04970170e-19,  3.26544242e-01, -1.42494838e-58,
        -2.03648567e-72,  1.09949128e-89],
       [-1.19728436e-78,  3.29792347e-01, -2.02714670e-28,
         9.49401821e-21, -1.74538616e-15],
       [ 3.41509296e-54,  3.29765467e-01, -1.45999347e-84,
        -3.93447203e-22, -1.16735982e-27],
       [ 8.54849827e-28,  3.63478930e-01, -3.04635717e-50,
         4.13642571e-49,  7.15374852e-21],
       [ 1.23589647e-19,  4.14216033e-02, -5.21223975e-16,
        -1.10805587e-24,  9.53287560e-21],
       [-3.45384194e-19,  1.34787526e-02,  3.75651510e-16,
        -3.05854445e-91,  4.19632918e-49],
       [-2.03286711e-51, -1.43842938e-01,  2.89947726e-24,
        -4.28750502e-15,  1.98289376e-35],
       [ 8.46953070e-15,  3.30243591e-01,  1.13664625e-42,
         3.28665813e-29, -1.70244846e-19]]), array([[-4.83602633e-12,  4.06777549e-44, -1.14078618e-23,
        -7.88339143e-31, -3.18851838e-95],
       [-2.56554186e-13, -1.81581207e-02, -3.24626145e-18,
         5.36751357e-01, -4.00561762e-03],
       [-1.41259132e-15,  3.98923454e-74, -4.70318611e-40,
         1.20503705e-73, -3.52051644e-13],
       [-1.61696967e-88, -9.32041143e-50, -1.12204069e-93,
         2.11704556e-13,  6.41646558e-73],
       [ 2.78914493e-15, -1.31477161e-17, -1.00741031e-17,
         8.20629672e-22, -1.85243759e-67]]), array([[ 3.00455873e-15,  1.10071921e-58,  2.03034304e-26,
        -1.15121392e-49],
       [ 1.59461632e+00,  1.82771956e+00,  1.88842595e+00,
         1.95630947e+00],
       [-1.34945575e-46, -2.93739048e-59, -3.81056773e-15,
         2.78213042e-12],
       [ 2.57856403e+00,  2.46227473e-01,  2.57856362e+00,
         2.46227339e-01],
       [ 2.94776152e+00,  9.97138313e-01,  1.60409460e+00,
         1.16639902e+00]])]