[array([[ 3.32710476e-81,  3.29271877e-01, -2.03894528e-15,
        -1.52102144e-50, -2.46260405e-24],
       [-3.25697531e-20,  3.26543760e-01, -6.10821889e-62,
        -1.33505096e-75,  1.09934554e-92],
       [-8.58955262e-82,  3.29791863e-01, -1.29716460e-30,
         2.72814153e-22, -1.26229161e-16],
       [-1.83214024e-57,  3.29764985e-01, -1.21019148e-87,
        -8.80171581e-24, -8.83111840e-30],
       [ 6.28018494e-30,  3.63478447e-01,  1.94949121e-53,
        -3.82608433e-52,  2.01079927e-22],
       [ 4.33161999e-21,  2.66435927e-01, -3.44233511e-17,
        -1.53568627e-26,  2.74017898e-22],
       [-1.30987886e-20, -9.44536451e-02,  2.42055645e-17,
        -2.09055383e-94, -3.77968963e-52],
       [-8.85584423e-55, -3.13900830e-01,  4.35466269e-26,
        -3.31717596e-16,  7.99597432e-39],
       [ 6.89603696e-16,  3.30203577e-01, -1.95937611e-45,
         1.75321759e-31, -6.11553767e-21]]), array([[-6.33628124e-13, -2.66934756e-47, -1.91824462e-25,
        -2.79515517e-33, -1.77563800e-98],
       [-2.69731043e-14, -1.81568203e-02, -1.46069214e-19,
         5.36751086e-01, -4.00377836e-03],
       [-1.00550696e-16, -6.11736453e-76, -1.30993174e-43,
        -5.22856891e-76, -3.79013849e-14],
       [-1.25834026e-91,  5.51159305e-54, -9.13791029e-97,
         2.19396517e-14,  1.07301484e-75],
       [ 2.08940361e-16, -6.57832279e-19, -4.93981267e-19,
         1.94597695e-23, -9.89004858e-71]]), array([[ 2.26337686e-16,  6.99723776e-62,  1.99283676e-28,
         8.93465787e-53],
       [ 1.59461723e+00,  1.82772129e+00,  1.88842710e+00,
         1.95631136e+00],
       [ 2.44534609e-51,  3.93109445e-62, -2.92220625e-16,
         3.49716024e-13],
       [ 2.57856349e+00,  2.46233813e-01,  2.57856309e+00,
         2.46233726e-01],
       [ 2.94776135e+00,  9.97138616e-01,  1.60409517e+00,
         1.16640051e+00]])]