[array([[-1.00170720e-78,  3.29269569e-01, -1.49620191e-14,
         3.21394436e-48, -5.99050696e-23],
       [-4.51011275e-19,  3.26542368e-01,  8.10136849e-60,
        -1.15016192e-73, -3.97976718e-90],
       [-1.00582192e-79,  3.29790462e-01, -8.18594004e-29,
         5.00174904e-21, -1.08596035e-15],
       [ 5.39259313e-55,  3.29763592e-01, -9.46777308e-86,
        -1.98178469e-22, -4.85289932e-28],
       [ 3.53566393e-28,  3.63477047e-01, -2.83232913e-51,
         2.28285933e-49,  3.75391753e-21],
       [ 6.74777495e-20, -3.01750204e-01, -3.19023082e-16,
        -5.12438495e-25,  5.02250733e-21],
       [-1.91270510e-19, -1.17205326e-01,  2.28902507e-16,
        -3.66341851e-91,  1.92228123e-49],
       [ 1.38178268e-51, -3.00878096e-01,  1.36019301e-24,
        -2.70035406e-15,  5.47652580e-36],
       [ 5.38373031e-15,  3.30306763e-01, -2.73938103e-44,
         1.28632942e-29, -9.33634168e-20]]), array([[-3.35020317e-12,  1.04746317e-44, -5.46036193e-24,
        -2.88033068e-31,  4.84113564e-96],
       [-1.70794126e-13, -1.81534320e-02, -1.85398533e-18,
         5.36750265e-01, -3.99895153e-03],
       [-8.76379879e-16,  1.86086132e-73, -1.66565420e-40,
         1.80834696e-73, -2.35376036e-13],
       [-2.52216198e-89,  3.16168426e-49, -1.34282290e-94,
         1.40570251e-13, -1.49103438e-73],
       [ 1.74644530e-15, -7.65393383e-18, -5.84333126e-18,
         4.17687161e-22, -8.29814012e-69]]), array([[ 1.88322748e-15, -1.24752464e-59,  8.83412991e-27,
        -2.41023738e-50],
       [ 1.59461956e+00,  1.82772604e+00,  1.88843006e+00,
         1.95631654e+00],
       [-1.10071287e-46, -1.28512949e-59, -2.39613528e-15,
         1.91294692e-12],
       [ 2.57856201e+00,  2.46251062e-01,  2.57856157e+00,
         2.46250943e-01],
       [ 2.94776080e+00,  9.97139605e-01,  1.60409653e+00,
         1.16640465e+00]])]